89
29
84
12
99
27
66
3
74
544
23
14
50
66
55
80
05
71
33
09
96
23
3
53
10
05
22
12
13
87
21
86
90
61
66
61
56
20
9
59
71
64
3
04
13
23
21
93
5
07
35
31
66
31
84
14
60
93
20
21
63
21
63
88
6
36
74
94
6
39
91
34
99
86
21
84
1
32
01
69
3
17
39
08
84
89
52
62
78
65
38
10
50
84
94
76
81
85
91
99
27
14
33
02
78
55
13
83
26
27
15
60
12
7
74
50
80
92
79
33
66
9
33
8
69
9
69
75
13
6
18
83
71
58
544
20
93
12
33
02
72
77
84
5
75
90
32
87
00
17
31
02
69
62
28
81
1
544
28
72
54
63
20
19
78
15
3
57
0
18
8
85
93
26
28
62
36
88
32
64
13
38
33
30
35
38
18
91
39
77
85
30
01
13
53
23
91
83
66
76
24
60
15
08
62
544
77
04
05
00
71
75
90
88
35
90
15
74
50
31
67
08
27
81
10
38
71
78
14
74
21
32
02
35
98
76
04
14
32
22
65
25
26
34
39
32
50
27
544
63
92
08
04
31
25
37
25
67
58
58
08
69
88
74
34
52
99
90
13
04
36
89
29
33
13
38
83
17
75
60
07
99
8
32
25
30
95
56
92
82
24
89
08
17
99
65
66
97
63
75
