45
85
40
78
55
83
22
9
30
100
89
70
16
22
11
46
61
37
99
65
52
89
9
19
76
61
88
78
79
43
87
42
56
27
22
27
12
86
5
15
37
20
9
60
79
89
87
59
1
63
91
97
22
97
40
70
26
59
86
87
29
87
29
44
2
92
30
50
2
95
57
90
55
42
87
40
7
98
67
25
9
73
95
64
40
45
18
28
34
21
94
76
16
40
50
32
47
41
57
55
83
70
99
68
34
11
79
49
82
83
71
26
78
3
30
16
46
58
35
99
22
5
99
4
25
5
25
31
79
2
74
49
37
14
100
86
59
78
99
68
38
33
40
1
31
56
98
43
66
73
97
68
25
28
84
47
7
100
84
38
10
29
86
75
34
71
9
13
6
74
4
41
59
82
84
28
92
44
98
20
79
94
99
96
91
94
74
57
95
33
41
96
67
79
19
89
57
49
22
32
80
26
71
64
28
100
33
60
61
66
37
31
56
44
91
56
71
30
16
97
23
64
83
47
76
94
37
34
70
30
87
98
68
91
54
32
60
70
98
88
21
81
82
90
95
98
16
83
100
29
58
64
60
97
81
93
81
23
14
14
64
25
44
30
90
18
55
56
79
60
92
45
85
99
79
94
49
73
31
26
63
55
4
98
81
96
51
12
58
48
80
45
64
73
55
21
22
53
29
31